#include <iostream>
using namespace std;
int data[10][11] ; 
bool vs[7][8] ; 
bool vsD[7][7] ; 
int count1 = 0 ;
void xuat()
{
	for(int i = 0 ; i < 7 ; i++ )
	{
		for(int j = 0 ; j < 7 ; j++)
		{
			cout << vsD[i][j] << " " ; 
		}
		cout << endl ; 
	}
	cout << endl ;  
}
void BT(int i)
{
	if(i == 56)
	{
		count1 ++ ; 
		return ; 
	}

	int r = i / 8 ; 
	int c = i % 8 ; 
	if(!vs[r][c])
	{


		if( c + 1 < 8 && !vs[r][c+1])
		{
			int d1 = data[r][c] ;
			int d2 = data[r][c+1] ;
			if(!vsD[d1][d2])
			{
				vs[r][c] = vs[r][c+1] = 1 ; 
				vsD[d1][d2] = vsD[d2][d1] = 1 ; 
				BT(i+1) ; 
				vs[r][c] = vs[r][c+1] = 0; 
				vsD[d1][d2] = vsD[d2][d1] = 0 ; 
			}
		}
		if(r + 1 < 7 && !vs[r+1][c])
		{
			int d1 = data[r][c] ;
			int d3 = data[r+1][c] ; 
			if(!vsD[d1][d3])
			{
				vs[r][c] = vs[r+1][c] = 1 ; 
				vsD[d1][d3] = vsD[d3][d1] = 1 ; 
				BT(i+1) ; 
				vs[r][c] = vs[r+1][c] = 0 ; 
				vsD[d1][d3] = vsD[d3][d1] = 0 ; 
			}
		}

	}
	else 
	{
		BT(i+1) ; 
	}


}
int main(){
	freopen("input.txt", "r", stdin);
	int T;
	cin >> T;
	for(int tc = 1; tc <= T; tc++) {
		count1 = 0 ; 
		for(int i = 0 ; i < 7 ; i++ )
		{
			for(int j = 0 ; j < 8 ; j++)
			{
				cin >> data[i][j] ; 
				vs[i][j] = false ; 
			}
		}
		for(int i = 0 ; i < 7 ; i++ )
		{
			for(int j = 0 ; j < 7 ; j++)
			{
				vsD[i][j] = false ; 
			}
		}
		BT(0) ; 

		cout << "#" << tc << " " <<  count1 << endl ; 
	}
	return 0;
}
50
6 4 6 0 6 3 1 2 
6 1 5 3 5 0 4 0 
2 4 1 5 0 2 4 4 
5 5 1 3 6 5 4 1 
0 3 3 4 4 5 5 2 
2 3 2 6 1 1 0 1 
3 3 0 0 2 2 6 6 

3 3 3 2 6 6 4 6 
2 1 0 1 5 0 6 1 
4 1 4 3 0 4 0 2 
0 0 6 0 2 2 0 3 
3 1 5 2 2 4 3 5 
2 6 5 5 1 5 3 6 
5 4 4 4 6 5 1 1 

2 3 6 6 2 1 6 4 
1 3 2 2 5 4 3 4 
5 2 1 0 0 0 0 5 
4 4 1 1 5 3 6 3 
2 0 4 1 0 3 0 4 
2 6 6 1 0 6 2 4 
5 5 5 1 6 5 3 3 

0 0 1 3 2 6 0 6 
1 2 0 1 5 4 2 0 
0 4 1 4 4 6 1 6 
0 5 3 6 2 3 4 4 
5 6 5 5 5 2 0 3 
2 2 6 6 2 4 5 1 
3 4 1 1 3 3 5 3 

5 3 1 6 0 5 3 0 
4 2 1 4 4 3 6 2 
3 2 2 5 6 5 2 1 
2 0 1 0 1 1 3 6 
5 5 1 5 6 4 2 2 
0 4 4 5 6 6 6 0 
0 0 3 3 1 3 4 4 

2 0 1 5 0 5 5 4 
3 1 2 4 6 4 1 1 
1 2 3 6 5 2 3 0 
4 1 3 4 0 4 6 1 
6 6 3 2 0 6 5 6 
1 0 6 2 2 2 0 0 
5 3 5 5 4 4 3 3 

5 2 0 3 1 4 6 3 
5 1 3 2 6 0 0 4 
5 3 5 6 6 6 5 4 
6 4 4 4 1 0 1 1 
3 4 1 3 1 2 2 4 
2 2 6 1 2 0 5 0 
2 6 5 5 0 0 3 3 

5 6 2 5 2 6 4 3 
1 3 0 0 6 1 6 0 
3 5 5 4 0 2 1 5 
0 4 6 6 1 1 0 3 
6 4 3 2 0 1 1 2 
3 3 4 2 4 1 2 2 
0 5 5 5 4 4 3 6 

5 5 0 3 4 2 4 1 
1 5 2 0 6 5 5 0 
6 0 1 1 5 2 6 3 
4 6 3 2 2 2 6 6 
0 1 3 1 3 4 2 6 
0 4 3 3 5 4 1 2 
1 6 5 3 0 0 4 4 

6 2 5 2 5 5 4 1 
5 3 5 0 6 4 2 2 
3 6 1 6 1 2 0 2 
0 6 3 2 2 4 1 0 
4 5 4 3 6 6 5 1 
3 0 4 4 5 6 3 1 
3 3 0 4 1 1 0 0 

4 6 6 0 0 1 6 6 
0 0 2 4 0 3 5 6 
1 6 2 5 3 2 5 4 
4 0 1 4 3 4 2 0 
4 4 5 1 5 5 1 1 
3 6 0 5 2 1 2 2 
2 6 1 3 3 5 3 3 

3 1 0 3 1 5 1 1 
4 1 5 4 5 2 5 6 
6 0 0 2 3 2 4 3 
3 6 2 2 0 5 4 2 
5 5 1 0 0 4 3 5 
6 1 2 6 3 3 6 6 
2 1 4 6 0 0 4 4 

3 0 0 1 4 5 6 2 
6 3 2 0 2 2 1 1 
4 6 4 2 2 3 0 0 
5 2 1 4 5 0 1 3 
5 5 5 3 5 1 4 0 
6 0 5 6 4 4 2 1 
1 6 4 3 3 3 6 6 

2 4 4 5 0 4 0 3 
0 0 4 3 2 0 5 6 
3 6 3 2 6 6 2 6 
3 5 2 5 1 6 0 1 
4 4 2 1 0 6 6 4 
5 0 5 5 3 1 2 2 
4 1 1 5 1 1 3 3 

1 5 4 0 0 1 5 4 
1 4 2 2 5 3 6 1 
4 3 1 1 0 6 3 2 
4 4 1 3 0 2 2 4 
3 3 4 6 3 6 2 5 
5 6 0 0 2 1 6 6 
6 2 0 5 3 0 5 5 

4 6 5 2 0 2 0 0 
5 3 6 1 2 3 6 5 
5 1 1 2 2 4 6 3 
0 4 1 0 6 6 5 4 
1 4 6 0 3 3 6 2 
1 3 3 0 5 0 4 3 
5 5 1 1 2 2 4 4 

3 6 2 4 1 6 3 3 
4 0 1 5 2 2 4 1 
5 6 0 0 6 4 1 0 
1 3 5 3 6 6 2 0 
4 3 0 5 0 6 1 1 
5 2 2 6 1 2 2 3 
5 4 5 5 3 0 4 4 

5 6 3 6 6 0 4 0 
6 4 1 1 4 3 4 5 
3 3 2 0 1 2 2 4 
6 2 2 2 5 0 5 2 
3 1 2 3 3 5 4 4 
5 1 4 1 0 1 6 1 
0 3 5 5 0 0 6 6 

3 5 2 2 3 0 6 2 
0 4 5 1 3 2 3 1 
6 0 4 6 0 1 3 3 
6 1 0 0 1 1 5 4 
4 1 3 6 5 0 3 4 
5 6 1 2 0 2 4 4 
2 5 5 5 2 4 6 6 

2 5 3 1 0 5 0 3 
6 3 5 5 6 0 0 1 
4 1 3 5 4 4 2 1 
4 2 1 6 6 2 4 0 
2 2 1 5 3 4 2 0 
5 4 6 4 3 2 6 5 
1 1 0 0 3 3 6 6 

4 6 2 0 5 5 6 0 
5 6 5 2 0 0 4 3 
3 1 2 1 5 1 4 1 
3 5 0 3 2 2 6 3 
2 6 4 4 5 0 2 3 
2 4 1 1 1 0 6 6 
5 4 1 6 4 0 3 3 

1 1 0 4 5 1 3 5 
1 0 0 5 6 1 0 3 
5 2 4 4 4 6 0 2 
3 1 3 6 4 5 6 6 
6 2 3 2 3 3 2 2 
0 0 2 1 4 2 6 0 
3 4 5 6 1 4 5 5 

6 5 2 0 0 5 5 3 
6 2 1 2 1 6 4 0 
5 1 5 2 4 3 4 4 
1 4 2 2 6 3 4 5 
2 4 6 0 3 1 6 6 
3 0 6 4 1 1 1 0 
3 2 5 5 3 3 0 0 

6 2 1 5 0 6 6 4 
5 2 0 0 2 0 1 6 
4 4 4 5 0 5 0 1 
3 6 5 3 2 1 3 0 
3 2 2 2 4 2 3 1 
5 5 1 1 4 1 5 6 
4 0 4 3 6 6 3 3 

0 3 1 2 3 5 0 4 
5 4 3 2 6 1 1 0 
2 6 4 3 4 1 3 3 
3 1 5 0 6 6 0 6 
4 6 6 3 0 2 1 1 
2 2 5 2 0 0 5 6 
1 5 4 2 4 4 5 5 

1 0 5 4 6 3 2 2 
5 1 1 2 4 2 3 2 
3 4 0 6 4 6 3 5 
2 0 6 6 5 0 2 6 
6 5 3 3 2 5 1 6 
0 3 4 0 5 5 1 1 
1 4 0 0 1 3 4 4 

2 0 4 4 1 2 0 0 
2 4 2 2 6 0 6 3 
5 5 4 0 5 4 3 5 
3 3 1 3 1 6 5 2 
0 5 2 3 5 6 0 3 
6 6 2 6 6 4 1 4 
1 0 1 1 1 5 4 3 

6 5 4 0 2 4 3 1 
5 3 1 5 6 3 3 4 
5 4 6 4 3 3 2 5 
5 0 3 0 1 2 2 0 
4 4 1 0 2 6 3 2 
1 6 6 0 1 1 5 5 
0 0 4 1 6 6 2 2 

1 0 3 3 1 2 1 3 
5 5 3 5 5 1 2 4 
0 2 3 4 2 5 1 1 
3 0 6 4 0 0 4 5 
6 5 6 6 6 3 6 1 
3 2 6 2 0 5 0 6 
0 4 4 4 2 2 4 1 

4 0 6 3 6 1 0 3 
4 1 2 0 0 6 2 2 
5 2 1 5 6 5 5 5 
2 3 1 3 6 6 0 5 
3 4 2 1 6 4 4 5 
6 2 1 0 4 2 5 3 
3 3 0 0 4 4 1 1 

0 2 4 4 2 1 3 6 
3 5 6 6 1 3 4 1 
6 5 2 6 3 0 4 0 
1 5 2 3 6 1 2 2 
5 0 0 1 0 6 4 3 
4 2 1 1 2 5 6 4 
4 5 0 0 3 3 5 5 

2 3 0 4 6 6 2 6 
2 1 5 2 1 6 3 0 
0 5 0 6 5 6 5 4 
2 2 3 3 6 3 4 1 
6 4 1 0 0 0 5 5 
4 4 1 1 1 5 3 4 
3 1 0 2 2 4 5 3 

4 0 3 3 2 2 6 5 
3 0 4 6 4 3 0 2 
4 1 0 5 4 5 5 5 
6 6 0 6 3 6 3 1 
4 4 0 1 6 2 2 5 
3 5 1 2 1 1 2 4 
3 2 0 0 5 1 6 1 

6 1 2 3 6 0 6 4 
4 4 3 0 5 3 1 5 
1 2 3 1 6 2 1 1 
3 4 5 0 4 0 2 4 
6 3 5 6 5 4 0 2 
1 0 5 5 5 2 4 1 
6 6 3 3 2 2 0 0 

2 1 6 1 0 5 5 1 
4 0 0 3 4 2 6 3 
1 3 2 6 1 4 3 5 
1 0 0 0 5 2 4 3 
0 6 4 5 2 2 3 2 
2 0 6 4 5 6 6 6 
4 4 3 3 1 1 5 5 

1 0 0 5 1 2 3 1 
6 4 2 6 0 4 2 0 
3 3 4 2 4 5 3 2 
5 6 0 0 5 2 0 3 
6 0 3 5 3 6 4 1 
2 2 1 6 3 4 6 6 
5 5 4 4 1 5 1 1 

1 5 3 5 1 6 2 4 
4 4 4 3 0 0 0 4 
2 1 6 2 4 5 3 6 
2 3 0 2 0 5 0 6 
6 5 1 4 2 5 3 0 
1 1 2 2 1 3 4 6 
5 5 0 1 6 6 3 3 

0 1 5 5 6 0 2 4 
1 5 0 2 4 3 6 5 
5 3 4 0 1 3 6 1 
6 6 0 5 4 4 4 1 
0 3 1 1 2 6 0 0 
2 1 4 5 3 3 2 2 
3 6 2 3 6 4 2 5 

1 4 2 6 1 6 4 6 
6 5 3 4 0 3 0 2 
5 2 2 4 0 0 6 3 
5 0 4 4 1 1 6 0 
4 5 5 1 3 1 5 5 
3 5 1 0 1 2 2 2 
3 2 4 0 3 3 6 6 

1 6 0 6 4 0 0 2 
1 3 3 3 4 3 1 2 
5 5 0 3 3 2 4 5 
3 6 5 6 0 5 4 4 
1 4 5 1 1 0 0 0 
1 1 2 6 4 2 6 6 
5 3 2 5 4 6 2 2 

3 5 1 4 6 3 2 0 
2 3 0 5 1 3 4 0 
6 4 2 1 2 4 2 2 
1 0 0 0 4 3 5 6 
4 4 3 0 1 1 5 1 
5 2 5 5 6 2 0 6 
3 3 1 6 4 5 6 6 

6 0 0 5 6 1 5 2 
2 1 3 2 6 6 6 5 
4 1 4 0 1 0 5 4 
3 4 0 3 4 2 6 4 
2 2 2 0 6 3 3 5 
3 3 5 1 1 1 2 6 
1 3 4 4 5 5 0 0 

6 0 3 0 2 4 0 2 
1 5 3 3 4 4 5 3 
3 6 4 5 3 1 4 6 
6 5 2 5 1 0 5 0 
2 3 1 1 1 2 1 6 
2 2 6 2 1 4 0 0 
4 3 5 5 0 4 6 6 

0 3 6 5 3 2 5 3 
4 2 1 6 6 4 3 4 
1 0 1 4 5 4 0 5 
0 2 0 6 3 6 2 5 
6 6 1 3 2 2 1 5 
6 2 4 0 4 4 1 1 
3 3 0 0 1 2 5 5 

5 0 3 1 4 0 0 1 
2 0 2 2 6 1 2 6 
0 3 2 1 3 3 4 6 
1 5 3 5 3 4 0 6 
1 1 4 1 0 0 5 6 
2 5 4 2 5 4 6 6 
4 4 6 3 5 5 3 2 

0 5 6 4 1 0 0 0 
2 5 6 2 5 6 3 5 
4 3 4 2 3 6 0 4 
1 5 1 2 5 5 6 1 
1 3 1 1 2 3 3 3 
4 4 6 0 4 1 2 2 
6 6 2 0 4 5 0 3 

5 0 3 2 1 3 3 0 
6 5 5 4 3 6 1 4 
4 0 1 0 5 1 2 4 
0 2 5 5 0 0 5 3 
3 4 6 2 4 6 1 2 
3 3 6 6 0 6 2 5 
4 4 1 1 6 1 2 2 

4 1 4 0 5 6 6 4 
3 5 0 3 5 1 0 2 
6 1 4 5 0 6 3 1 
5 5 4 3 3 3 3 2 
2 6 5 0 2 1 1 1 
0 1 4 4 4 2 5 2 
6 6 3 6 2 2 0 0 

3 5 4 4 2 1 1 6 
1 4 4 0 3 4 4 5 
0 6 0 2 5 1 0 5 
3 6 2 5 5 5 2 6 
3 1 0 1 5 6 0 0 
3 2 2 2 0 3 6 4 
2 4 6 6 3 3 1 1 

2 4 4 5 1 2 6 3 
1 0 4 1 4 4 5 5 
2 2 6 1 0 0 5 0 
4 0 0 3 5 6 2 5 
6 4 1 3 1 5 3 3 
0 6 5 3 0 2 6 2 
3 2 3 4 1 1 6 6
