10
3
7
2 1 5 1 2 2 2
4
10
10 2 1 5 1 2 2 2 9 11
10
10
0 0 0 0 0 0 0 0 0 0
1
10
10 10 10 10 10 10 10 10 10 10
1
1
0
1
10
1 2 3 4 5 6 7 8 9 10
10
10
10 9 8 7 6 5 4 3 2 1
9
10
1 2 3 4 5 6 7 8 9 10
3
10
20 19 18 17 16 15 14 13 12 11
14
100
1 2 3 4 5 6 7 8 9 0 11 22 33 44 55 66 77 88 99 12 12 13 14 15 16 17 18 19 10 0 9 12 12 34 23 25 27 28 29 10 10 1 2 3 4 5 6 7 8 9 0 99 12 12 13 14 15 16 17 18 19 77 88 99 12 12 13 14 15 16 17 29 10 10 1 2 3 4 5 6 7 12 13 14 15 16 17 18 19 20 23 24 25 26 2 3 41 8 0 10
