#include <iostream>
using namespace std;
#define MAX 30 
int A[MAX][MAX] ; 
int B[MAX] ; 
int n ; 
int result = 0  ; 
bool checkTo(int i , int c)
{
	for(int t = 0 ; t < n ; t++)
	{
		if(A[i][t] == 1) 
		{
			if(c == B[t]) return false ; 
		}
	}
	return true ; 
}

void bt(int i)
{
	if(i==n)
	{
		result++ ; 
		return ; 
	}

	for(int c = 1 ; c <= 4 ; c++)
	{
		if(checkTo(i,c))
		{
			B[i] = c ; 
			bt(i+1) ; 
			B[i] = 0 ; 
		}
	}
}
int main(){
	freopen("input.txt", "r", stdin);
	int T;
	cin >> T;
	char c;
	for(int tc = 1; tc <= T; tc++) {
		cin >> n ; 
		result = 0 ; 
		for(int i = 0 ; i < n ; i++)
		{
			B[i] = 0 ; 
			for(int j = 0 ; j < n ; j++)
			{
				cin >> A[i][j] ; 
			}
		}
		bt(0);
		cout << "Case #" << tc  << endl; 
		cout << result << endl ;
	}
	return 0;
}

3

4

0 0 0 1

0 0 0 1

0 0 0 1

1 1 1 0

5

0 1 1 1 0

1 0 0 1 1

1 0 0 1 0

1 1 1 0 1

0 1 0 1 0

7

0 1 0 0 1 0 1

1 0 1 0 1 0 0

0 1 0 1 1 0 0

0 0 1 0 1 1 0

1 1 1 1 0 1 1

0 0 0 1 1 0 1

1 0 0 0 1 1 0

 

50
15
0 0 0 0 0 0 0 0 0 0 0 0 0 0 0 
0 0 0 1 0 1 1 0 0 1 1 0 0 1 1 
0 0 0 0 1 0 1 1 0 0 0 0 0 1 0 
0 1 0 0 1 1 0 1 0 1 0 1 0 1 1 
0 0 1 1 0 1 1 0 0 1 1 1 1 1 1 
0 1 0 1 1 0 0 1 0 0 1 1 1 0 0 
0 1 1 0 1 0 0 0 0 1 1 1 0 0 0 
0 0 1 1 0 1 0 0 0 1 0 0 0 1 1 
0 0 0 0 0 0 0 0 0 0 1 0 0 0 0 
0 1 0 1 1 0 1 1 0 0 1 0 0 1 0 
0 1 0 0 1 1 1 0 1 1 0 0 0 0 0 
0 0 0 1 1 1 1 0 0 0 0 0 1 0 0 
0 0 0 0 1 1 0 0 0 0 0 1 0 0 1 
0 1 1 1 1 0 0 1 0 1 0 0 0 0 1 
0 1 0 1 1 0 0 1 0 0 0 0 1 1 0 
15
0 0 0 0 0 0 0 0 0 0 0 0 0 0 0 
0 0 0 1 1 0 0 1 0 0 1 0 1 0 0 
0 0 0 0 0 0 1 0 0 0 0 1 0 0 1 
0 1 0 0 0 0 0 0 0 0 0 0 0 0 0 
0 1 0 0 0 1 1 1 1 1 0 1 1 1 0 
0 0 0 0 1 0 0 1 0 0 1 0 0 1 1 
0 0 1 0 1 0 0 0 0 0 1 1 1 0 0 
0 1 0 0 1 1 0 0 1 1 1 0 1 1 0 
0 0 0 0 1 0 0 1 0 0 1 1 0 1 0 
0 0 0 0 1 0 0 1 0 0 1 0 0 1 0 
0 1 0 0 0 1 1 1 1 1 0 1 1 0 1 
0 0 1 0 1 0 1 0 1 0 1 0 1 1 0 
0 1 0 0 1 0 1 1 0 0 1 1 0 1 0 
0 0 0 0 1 1 0 1 1 1 0 1 1 0 0 
0 0 1 0 0 1 0 0 0 0 1 0 0 0 0 
18
0 0 0 0 0 0 0 0 0 0 0 0 0 0 0 0 0 0 
0 0 1 1 0 0 1 0 1 1 1 1 0 0 0 1 0 0 
0 1 0 0 0 0 0 0 0 1 1 0 1 0 1 0 0 0 
0 1 0 0 0 1 0 1 1 0 1 0 0 1 0 0 0 0 
0 0 0 0 0 1 1 0 0 1 0 1 0 0 1 1 0 0 
0 0 0 1 1 0 0 0 1 1 1 0 1 1 0 0 1 0 
0 1 0 0 1 0 0 1 0 1 0 0 1 1 0 0 0 1 
0 0 0 1 0 0 1 0 1 1 1 0 0 1 1 1 1 0 
0 1 0 1 0 1 0 1 0 1 1 1 1 1 0 1 0 1 
0 1 1 0 1 1 1 1 1 0 0 1 0 0 1 1 0 1 
0 1 1 1 0 1 0 1 1 0 0 0 0 0 1 1 1 0 
0 1 0 0 1 0 0 0 1 1 0 0 1 0 0 0 1 1 
0 0 1 0 0 1 1 0 1 0 0 1 0 0 1 0 0 1 
0 0 0 1 0 1 1 1 1 0 0 0 0 0 1 1 1 0 
0 0 1 0 1 0 0 1 0 1 1 0 1 1 0 0 0 0 
0 1 0 0 1 0 0 1 1 1 1 0 0 1 0 0 0 0 
0 0 0 0 0 1 0 1 0 0 1 1 0 1 0 0 0 0 
0 0 0 0 0 0 1 0 1 1 0 1 1 0 0 0 0 0 
15
0 0 0 0 0 0 0 0 0 0 0 0 0 0 0 
0 0 1 1 0 1 1 0 0 1 1 0 1 1 1 
0 1 0 1 1 0 0 0 0 1 0 1 0 0 1 
0 1 1 0 0 0 1 1 0 0 1 1 1 0 1 
0 0 1 0 0 1 1 1 1 0 1 0 1 0 1 
0 1 0 0 1 0 0 0 0 0 0 1 1 0 1 
0 1 0 1 1 0 0 1 1 0 0 0 0 0 0 
0 0 0 1 1 0 1 0 1 1 1 0 1 0 1 
0 0 0 0 1 0 1 1 0 1 0 0 1 1 0 
0 1 1 0 0 0 0 1 1 0 0 1 0 1 1 
0 1 0 1 1 0 0 1 0 0 0 1 1 1 1 
0 0 1 1 0 1 0 0 0 1 1 0 1 0 0 
0 1 0 1 1 1 0 1 1 0 1 1 0 0 0 
0 1 0 0 0 0 0 0 1 1 1 0 0 0 0 
0 1 1 1 1 1 0 1 0 1 1 0 0 0 0 
15
0 0 0 0 0 0 0 0 0 0 0 0 0 0 0 
0 0 0 0 0 0 0 1 0 0 0 0 1 0 1 
0 0 0 1 1 0 0 1 1 1 0 1 1 0 0 
0 0 1 0 0 0 1 0 1 1 0 0 1 0 0 
0 0 1 0 0 0 1 0 0 0 1 1 1 1 0 
0 0 0 0 0 0 0 0 1 1 0 0 0 0 1 
0 0 0 1 1 0 0 1 0 1 0 0 0 1 1 
0 1 1 0 0 0 1 0 1 1 1 0 1 0 1 
0 0 1 1 0 1 0 1 0 0 1 0 1 0 1 
0 0 1 1 0 1 1 1 0 0 1 1 0 1 1 
0 0 0 0 1 0 0 1 1 1 0 1 1 0 0 
0 0 1 0 1 0 0 0 0 1 1 0 0 0 0 
0 1 1 1 1 0 0 1 1 0 1 0 0 1 0 
0 0 0 0 1 0 1 0 0 1 0 0 1 0 1 
0 1 0 0 0 1 1 1 1 1 0 0 0 1 0 
16
0 0 0 0 0 0 0 0 0 0 0 0 0 0 0 0 
0 0 1 0 0 0 1 0 1 0 0 1 1 1 1 0 
0 1 0 0 1 0 0 1 1 0 1 1 0 1 1 1 
0 0 0 0 1 1 0 1 0 0 0 1 0 0 0 0 
0 0 1 1 0 0 1 1 0 1 0 1 0 0 1 1 
0 0 0 1 0 0 0 1 0 0 1 0 0 0 1 1 
0 1 0 0 1 0 0 1 0 1 0 0 1 1 0 0 
0 0 1 1 1 1 1 0 0 0 0 0 0 1 1 1 
0 1 1 0 0 0 0 0 0 0 1 1 0 0 1 1 
0 0 0 0 1 0 1 0 0 0 0 0 0 1 0 0 
0 0 1 0 0 1 0 0 1 0 0 0 0 0 0 1 
0 1 1 1 1 0 0 0 1 0 0 0 1 0 0 0 
0 1 0 0 0 0 1 0 0 0 0 1 0 0 0 1 
0 1 1 0 0 0 1 1 0 1 0 0 0 0 1 1 
0 1 1 0 1 1 0 1 1 0 0 0 0 1 0 0 
0 0 1 0 1 1 0 1 1 0 1 0 1 1 0 0 
18
0 0 0 0 0 0 0 0 0 0 0 0 0 0 0 0 0 0 
0 0 0 1 0 1 0 1 0 0 0 0 1 0 1 0 1 0 
0 0 0 1 0 1 0 1 1 0 0 0 0 0 0 0 1 0 
0 1 1 0 0 0 0 1 0 0 1 1 1 0 0 0 1 1 
0 0 0 0 0 0 0 1 0 0 1 1 0 0 0 1 1 0 
0 1 1 0 0 0 0 0 1 0 1 1 0 0 0 0 1 1 
0 0 0 0 0 0 0 0 0 0 1 1 0 0 1 1 0 0 
0 1 1 1 1 0 0 0 0 0 1 1 0 0 0 1 0 0 
0 0 1 0 0 1 0 0 0 0 1 1 1 0 0 1 1 1 
0 0 0 0 0 0 0 0 0 0 1 1 1 0 0 1 1 0 
0 0 0 1 1 1 1 1 1 1 0 0 1 1 0 1 1 0 
0 0 0 1 1 1 1 1 1 1 0 0 0 1 1 1 0 0 
0 1 0 1 0 0 0 0 1 1 1 0 0 1 1 0 0 0 
0 0 0 0 0 0 0 0 0 0 1 1 1 0 0 0 0 0 
0 1 0 0 0 0 1 0 0 0 0 1 1 0 0 1 0 1 
0 0 0 0 1 0 1 1 1 1 1 1 0 0 1 0 0 0 
0 1 1 1 1 1 0 0 1 1 1 0 0 0 0 0 0 1 
0 0 0 1 0 1 0 0 1 0 0 0 0 0 1 0 1 0 
16
0 0 0 0 0 0 0 0 0 0 0 0 0 0 0 0 
0 0 0 0 1 0 1 1 0 0 1 1 0 0 0 1 
0 0 0 0 1 1 1 0 1 0 0 1 1 0 0 1 
0 0 0 0 1 0 1 1 1 0 0 0 0 1 1 1 
0 1 1 1 0 1 1 0 0 1 1 0 0 1 0 0 
0 0 1 0 1 0 0 1 0 0 0 1 1 1 1 1 
0 1 1 1 1 0 0 0 1 0 0 1 0 0 0 1 
0 1 0 1 0 1 0 0 0 1 0 0 0 1 1 0 
0 0 1 1 0 0 1 0 0 0 0 0 1 1 1 0 
0 0 0 0 1 0 0 1 0 0 1 1 0 1 0 0 
0 1 0 0 1 0 0 0 0 1 0 0 1 0 1 0 
0 1 1 0 0 1 1 0 0 1 0 0 0 0 0 0 
0 0 1 0 0 1 0 0 1 0 1 0 0 0 0 1 
0 0 0 1 1 1 0 1 1 1 0 0 0 0 1 1 
0 0 0 1 0 1 0 1 1 0 1 0 0 1 0 0 
0 1 1 1 0 1 1 0 0 0 0 0 1 1 0 0 
16
0 0 0 0 0 0 0 0 0 0 0 0 0 0 0 0 
0 0 1 1 0 0 0 1 1 0 1 0 1 0 0 1 
0 1 0 1 0 0 1 0 1 0 0 1 1 0 1 0 
0 1 1 0 1 0 1 1 1 1 0 1 0 1 1 0 
0 0 0 1 0 0 0 1 0 1 0 0 0 0 0 0 
0 0 0 0 0 0 1 0 1 0 1 1 1 1 0 0 
0 0 1 1 0 1 0 1 1 0 0 0 0 1 0 1 
0 1 0 1 1 0 1 0 0 1 1 0 0 1 1 1 
0 1 1 1 0 1 1 0 0 0 0 0 1 0 1 1 
0 0 0 1 1 0 0 1 0 0 1 0 1 0 1 1 
0 1 0 0 0 1 0 1 0 1 0 1 0 1 1 0 
0 0 1 1 0 1 0 0 0 0 1 0 0 1 0 1 
0 1 1 0 0 1 0 0 1 1 0 0 0 0 0 0 
0 0 0 1 0 1 1 1 0 0 1 1 0 0 0 0 
0 0 1 1 0 0 0 1 1 1 1 0 0 0 0 1 
0 1 0 0 0 0 1 1 1 1 0 1 0 0 1 0 
15
0 0 0 0 0 0 0 0 0 0 0 0 0 0 0 
0 0 0 0 1 1 0 0 1 0 0 0 1 1 0 
0 0 0 0 0 0 0 1 1 0 0 0 1 1 1 
0 0 0 0 0 0 1 1 1 0 1 0 1 1 0 
0 1 0 0 0 0 1 1 1 0 0 1 0 1 1 
0 1 0 0 0 0 0 1 1 0 1 1 0 0 0 
0 0 0 1 1 0 0 1 0 1 0 0 1 0 0 
0 0 1 1 1 1 1 0 1 1 0 0 0 0 0 
0 1 1 1 1 1 0 1 0 1 0 1 0 0 0 
0 0 0 0 0 0 1 1 1 0 0 0 1 0 1 
0 0 0 1 0 1 0 0 0 0 0 1 1 0 0 
0 0 0 0 1 1 0 0 1 0 1 0 1 1 0 
0 1 1 1 0 0 1 0 0 1 1 1 0 1 0 
0 1 1 1 1 0 0 0 0 0 0 1 1 0 0 
0 0 1 0 1 0 0 0 0 1 0 0 0 0 0 
15
0 0 0 0 0 0 0 0 0 0 0 0 0 0 0 
0 0 0 0 0 1 1 1 1 0 1 1 1 1 0 
0 0 0 1 0 0 0 0 0 1 1 0 0 1 0 
0 0 1 0 1 0 1 0 0 0 0 1 0 1 1 
0 0 0 1 0 0 1 0 1 1 1 1 1 1 1 
0 1 0 0 0 0 0 1 1 1 1 0 1 0 0 
0 1 0 1 1 0 0 0 0 0 0 1 0 0 0 
0 1 0 0 0 1 0 0 1 1 0 0 0 0 0 
0 1 0 0 1 1 0 1 0 0 0 1 0 1 1 
0 0 1 0 1 1 0 1 0 0 0 0 0 1 1 
0 1 1 0 1 1 0 0 0 0 0 1 0 1 0 
0 1 0 1 1 0 1 0 1 0 1 0 1 1 1 
0 1 0 0 1 1 0 0 0 0 0 1 0 0 1 
0 1 1 1 1 0 0 0 1 1 1 1 0 0 0 
0 0 0 1 1 0 0 0 1 1 0 1 1 0 0 
15
0 0 0 0 0 0 0 0 0 0 0 0 0 0 0 
0 0 1 0 0 0 1 0 1 0 0 0 0 1 0 
0 1 0 1 0 1 0 0 0 0 1 1 1 0 1 
0 0 1 0 0 1 0 0 1 1 1 0 0 0 0 
0 0 0 0 0 1 1 1 0 0 1 1 1 0 1 
0 0 1 1 1 0 1 0 1 1 1 0 0 0 1 
0 1 0 0 1 1 0 0 0 0 0 0 1 0 1 
0 0 0 0 1 0 0 0 1 0 0 0 0 1 1 
0 1 0 1 0 1 0 1 0 0 0 0 0 1 0 
0 0 0 1 0 1 0 0 0 0 0 0 1 1 0 
0 0 1 1 1 1 0 0 0 0 0 1 1 1 0 
0 0 1 0 1 0 0 0 0 0 1 0 0 0 1 
0 0 1 0 1 0 1 0 0 1 1 0 0 1 1 
0 1 0 0 0 0 0 1 1 1 1 0 1 0 1 
0 0 1 0 1 1 1 1 0 0 0 1 1 1 0 
16
0 0 0 0 0 0 0 0 0 0 0 0 0 0 0 0 
0 0 0 1 1 0 1 1 1 0 0 1 0 0 0 1 
0 0 0 0 1 0 1 0 0 0 1 0 1 1 1 0 
0 1 0 0 0 1 1 0 0 1 1 0 0 0 0 1 
0 1 1 0 0 1 0 1 0 1 1 0 0 1 1 0 
0 0 0 1 1 0 1 0 0 0 1 1 0 0 0 0 
0 1 1 1 0 1 0 1 0 0 1 1 0 0 1 1 
0 1 0 0 1 0 1 0 1 0 0 1 1 0 1 0 
0 1 0 0 0 0 0 1 0 0 0 0 1 1 0 0 
0 0 0 1 1 0 0 0 0 0 0 1 0 1 1 0 
0 0 1 1 1 1 1 0 0 0 0 0 0 1 1 1 
0 1 0 0 0 1 1 1 0 1 0 0 0 0 0 0 
0 0 1 0 0 0 0 1 1 0 0 0 0 0 0 1 
0 0 1 0 1 0 0 0 1 1 1 0 0 0 0 0 
0 0 1 0 1 0 1 1 0 1 1 0 0 0 0 1 
0 1 0 1 0 0 1 0 0 0 1 0 1 0 1 0 
15
0 0 0 0 0 0 0 0 0 0 0 0 0 0 0 
0 0 0 1 1 0 0 1 0 1 0 1 1 1 1 
0 0 0 1 1 1 1 0 1 1 1 0 0 1 0 
0 1 1 0 0 0 0 0 1 0 1 0 0 0 1 
0 1 1 0 0 0 0 0 1 1 1 0 0 0 0 
0 0 1 0 0 0 0 0 1 0 1 0 0 0 0 
0 0 1 0 0 0 0 1 0 0 0 0 1 1 1 
0 1 0 0 0 0 1 0 0 1 1 0 1 0 0 
0 0 1 1 1 1 0 0 0 1 0 1 1 0 0 
0 1 1 0 1 0 0 1 1 0 1 0 1 0 0 
0 0 1 1 1 1 0 1 0 1 0 0 1 1 0 
0 1 0 0 0 0 0 0 1 0 0 0 0 1 0 
0 1 0 0 0 0 1 1 1 1 1 0 0 1 0 
0 1 1 0 0 0 1 0 0 0 1 1 1 0 0 
0 1 0 1 0 0 1 0 0 0 0 0 0 0 0 
15
0 0 0 0 0 0 0 0 0 0 0 0 0 0 0 
0 0 1 0 1 1 0 1 0 1 1 1 0 0 0 
0 1 0 1 0 0 0 1 0 1 1 0 0 1 0 
0 0 1 0 1 0 0 0 1 1 0 0 0 0 0 
0 1 0 1 0 0 1 0 0 1 0 0 1 1 1 
0 1 0 0 0 0 1 0 1 1 0 0 1 1 0 
0 0 0 0 1 1 0 0 0 1 0 0 0 0 0 
0 1 1 0 0 0 0 0 0 0 0 1 0 0 1 
0 0 0 1 0 1 0 0 0 1 0 0 0 0 1 
0 1 1 1 1 1 1 0 1 0 0 1 1 1 1 
0 1 1 0 0 0 0 0 0 0 0 0 0 1 1 
0 1 0 0 0 0 0 1 0 1 0 0 1 0 1 
0 0 0 0 1 1 0 0 0 1 0 1 0 1 0 
0 0 1 0 1 1 0 0 0 1 1 0 1 0 0 
0 0 0 0 1 0 0 1 1 1 1 1 0 0 0 
15
0 0 0 0 0 0 0 0 0 0 0 0 0 0 0 
0 0 0 0 0 1 0 1 1 1 0 1 0 1 1 
0 0 0 0 1 1 1 1 0 0 1 0 0 1 0 
0 0 0 0 1 1 1 1 1 0 0 0 1 1 1 
0 0 1 1 0 0 0 0 1 0 1 0 0 1 0 
0 1 1 1 0 0 1 0 0 0 0 1 0 1 1 
0 0 1 1 0 1 0 0 1 0 1 0 0 0 0 
0 1 1 1 0 0 0 0 0 0 1 0 1 0 0 
0 1 0 1 1 0 1 0 0 0 0 1 0 1 0 
0 1 0 0 0 0 0 0 0 0 0 1 0 1 1 
0 0 1 0 1 0 1 1 0 0 0 0 1 0 1 
0 1 0 0 0 1 0 0 1 1 0 0 1 0 1 
0 0 0 1 0 0 0 1 0 0 1 1 0 0 1 
0 1 1 1 1 1 0 0 1 1 0 0 0 0 0 
0 1 0 1 0 1 0 0 0 1 1 1 1 0 0 
15
0 0 0 0 0 0 0 0 0 0 0 0 0 0 0 
0 0 0 0 0 0 1 1 0 0 0 0 1 0 0 
0 0 0 0 1 1 0 0 1 0 0 1 0 0 1 
0 0 0 0 0 0 0 0 1 0 0 0 0 0 1 
0 0 1 0 0 0 1 1 0 0 1 0 0 1 0 
0 0 1 0 0 0 0 1 0 0 0 0 1 0 1 
0 1 0 0 1 0 0 0 1 0 1 1 0 0 1 
0 1 0 0 1 1 0 0 1 1 0 0 1 0 0 
0 0 1 1 0 0 1 1 0 0 1 1 0 1 0 
0 0 0 0 0 0 0 1 0 0 1 0 0 0 1 
0 0 0 0 1 0 1 0 1 1 0 1 1 1 1 
0 0 1 0 0 0 1 0 1 0 1 0 0 1 1 
0 1 0 0 0 1 0 1 0 0 1 0 0 1 0 
0 0 0 0 1 0 0 0 1 0 1 1 1 0 0 
0 0 1 1 0 1 1 0 0 1 1 1 0 0 0 
15
0 0 0 0 0 0 0 0 0 0 0 0 0 0 0 
0 0 0 1 1 0 1 0 1 1 0 1 0 0 0 
0 0 0 0 0 1 0 0 1 0 0 0 1 0 0 
0 1 0 0 1 0 1 0 1 1 1 0 0 0 0 
0 1 0 1 0 0 0 1 1 0 1 1 0 0 1 
0 0 1 0 0 0 0 1 1 0 1 0 0 0 1 
0 1 0 1 0 0 0 0 0 1 0 0 0 1 0 
0 0 0 0 1 1 0 0 0 0 0 0 1 1 0 
0 1 1 1 1 1 0 0 0 1 0 1 0 1 1 
0 1 0 1 0 0 1 0 1 0 1 1 1 1 1 
0 0 0 1 1 1 0 0 0 1 0 1 1 0 0 
0 1 0 0 1 0 0 0 1 1 1 0 0 0 0 
0 0 1 0 0 0 0 1 0 1 1 0 0 0 1 
0 0 0 0 0 0 1 1 1 1 0 0 0 0 1 
0 0 0 0 1 1 0 0 1 1 0 0 1 1 0 
16
0 0 0 0 0 0 0 0 0 0 0 0 0 0 0 0 
0 0 0 1 0 0 1 0 0 1 0 1 0 0 0 0 
0 0 0 1 1 0 1 0 1 0 1 1 0 1 1 0 
0 1 1 0 1 0 1 0 0 0 1 0 1 0 0 0 
0 0 1 1 0 0 1 0 1 0 1 0 0 1 0 0 
0 0 0 0 0 0 0 0 0 0 0 0 1 1 0 1 
0 1 1 1 1 0 0 1 1 0 0 0 1 0 0 0 
0 0 0 0 0 0 1 0 0 1 0 1 1 0 0 1 
0 0 1 0 1 0 1 0 0 0 0 0 1 0 0 1 
0 1 0 0 0 0 0 1 0 0 1 1 0 1 1 0 
0 0 1 1 1 0 0 0 0 1 0 0 0 0 1 0 
0 1 1 0 0 0 0 1 0 1 0 0 1 1 1 1 
0 0 0 1 0 1 1 1 1 0 0 1 0 1 0 0 
0 0 1 0 1 1 0 0 0 1 0 1 1 0 0 1 
0 0 1 0 0 0 0 0 0 1 1 1 0 0 0 1 
0 0 0 0 0 1 0 1 1 0 0 1 0 1 1 0 
16
0 0 0 0 0 0 0 0 0 0 0 0 0 0 0 0 
0 0 0 0 1 0 0 0 1 0 0 1 1 0 1 1 
0 0 0 1 1 1 1 0 1 1 0 0 0 1 0 0 
0 0 1 0 1 1 0 1 1 0 1 0 0 1 0 0 
0 1 1 1 0 0 0 0 0 0 0 1 0 0 0 1 
0 0 1 1 0 0 0 1 0 0 1 1 0 1 0 0 
0 0 1 0 0 0 0 0 1 1 0 1 1 1 1 1 
0 0 0 1 0 1 0 0 0 1 1 0 0 0 1 1 
0 1 1 1 0 0 1 0 0 1 1 0 0 0 0 0 
0 0 1 0 0 0 1 1 1 0 0 1 0 0 0 0 
0 0 0 1 0 1 0 1 1 0 0 1 0 0 0 1 
0 1 0 0 1 1 1 0 0 1 1 0 0 0 1 0 
0 1 0 0 0 0 1 0 0 0 0 0 0 0 0 1 
0 0 1 1 0 1 1 0 0 0 0 0 0 0 0 1 
0 1 0 0 0 0 1 1 0 0 0 1 0 0 0 1 
0 1 0 0 1 0 1 1 0 0 1 0 1 1 1 0 
15
0 0 0 0 0 0 0 0 0 0 0 0 0 0 0 
0 0 1 0 0 0 0 0 0 0 1 0 0 0 1 
0 1 0 1 1 0 0 1 1 0 1 1 0 1 0 
0 0 1 0 0 1 0 1 1 1 0 1 1 0 1 
0 0 1 0 0 1 1 0 1 1 0 1 1 1 1 
0 0 0 1 1 0 0 0 0 1 1 1 1 1 0 
0 0 0 0 1 0 0 0 0 0 1 1 1 0 0 
0 0 1 1 0 0 0 0 0 0 1 1 0 1 0 
0 0 1 1 1 0 0 0 0 0 1 0 1 0 1 
0 0 0 1 1 1 0 0 0 0 0 0 1 1 0 
0 1 1 0 0 1 1 1 1 0 0 0 0 0 0 
0 0 1 1 1 1 1 1 0 0 0 0 0 0 1 
0 0 0 1 1 1 1 0 1 1 0 0 0 0 1 
0 0 1 0 1 1 0 1 0 1 0 0 0 0 0 
0 1 0 1 1 0 0 0 1 0 0 1 1 0 0 
15
0 0 0 0 0 0 0 0 0 0 0 0 0 0 0 
0 0 1 1 0 0 1 0 0 0 0 0 1 0 1 
0 1 0 0 1 1 0 0 0 0 0 0 1 1 0 
0 1 0 0 0 0 1 1 0 1 0 0 0 1 0 
0 0 1 0 0 0 0 0 0 1 1 0 1 0 1 
0 0 1 0 0 0 0 1 0 0 0 1 1 0 1 
0 1 0 1 0 0 0 1 0 1 1 1 1 1 1 
0 0 0 1 0 1 1 0 0 0 0 0 1 1 1 
0 0 0 0 0 0 0 0 0 1 0 0 1 1 0 
0 0 0 1 1 0 1 0 1 0 0 1 1 1 1 
0 0 0 0 1 0 1 0 0 0 0 0 0 0 0 
0 0 0 0 0 1 1 0 0 1 0 0 1 1 0 
0 1 1 0 1 1 1 1 1 1 0 1 0 0 0 
0 0 1 1 0 0 1 1 1 1 0 1 0 0 1 
0 1 0 0 1 1 1 1 0 1 0 0 0 1 0 
16
0 0 0 0 0 0 0 0 0 0 0 0 0 0 0 0 
0 0 0 0 1 0 1 1 0 1 1 0 1 0 1 0 
0 0 0 0 1 1 0 0 0 1 0 0 0 0 0 0 
0 0 0 0 0 0 0 0 1 0 1 0 0 0 1 0 
0 1 1 0 0 1 0 0 0 1 0 0 1 0 0 0 
0 0 1 0 1 0 1 1 0 1 0 1 1 0 1 0 
0 1 0 0 0 1 0 1 1 0 0 1 1 1 0 1 
0 1 0 0 0 1 1 0 0 0 1 0 1 0 0 1 
0 0 0 1 0 0 1 0 0 1 0 0 1 0 1 0 
0 1 1 0 1 1 0 0 1 0 0 1 0 0 1 0 
0 1 0 1 0 0 0 1 0 0 0 0 0 0 1 0 
0 0 0 0 0 1 1 0 0 1 0 0 1 0 1 0 
0 1 0 0 1 1 1 1 1 0 0 1 0 0 1 1 
0 0 0 0 0 0 1 0 0 0 0 0 0 0 0 1 
0 1 0 1 0 1 0 0 1 1 1 1 1 0 0 1 
0 0 0 0 0 0 1 1 0 0 0 0 1 1 1 0 
18
0 0 0 0 0 0 0 0 0 0 0 0 0 0 0 0 0 0 
0 0 1 1 0 1 0 0 0 1 0 0 0 1 1 0 1 1 
0 1 0 1 1 0 1 0 0 1 0 0 0 0 1 0 1 1 
0 1 1 0 1 1 1 0 0 1 1 0 1 0 0 0 1 0 
0 0 1 1 0 1 0 0 1 0 1 1 1 1 0 0 0 1 
0 1 0 1 1 0 0 0 0 1 0 0 1 0 1 0 0 1 
0 0 1 1 0 0 0 1 0 1 1 1 0 0 0 0 1 1 
0 0 0 0 0 0 1 0 0 0 0 1 0 0 1 0 1 0 
0 0 0 0 1 0 0 0 0 1 1 0 1 1 1 0 1 0 
0 1 1 1 0 1 1 0 1 0 1 0 1 1 0 1 0 1 
0 0 0 1 1 0 1 0 1 1 0 0 1 0 1 0 1 0 
0 0 0 0 1 0 1 1 0 0 0 0 1 0 1 1 1 1 
0 0 0 1 1 1 0 0 1 1 1 1 0 1 1 0 1 0 
0 1 0 0 1 0 0 0 1 1 0 0 1 0 0 0 1 0 
0 1 1 0 0 1 0 1 1 0 1 1 1 0 0 1 0 1 
0 0 0 0 0 0 0 0 0 1 0 1 0 0 1 0 1 0 
0 1 1 1 0 0 1 1 1 0 1 1 1 1 0 1 0 0 
0 1 1 0 1 1 1 0 0 1 0 1 0 0 1 0 0 0 
19
0 0 0 0 0 0 0 0 0 0 0 0 0 0 0 0 0 0 0 
0 0 1 0 1 1 0 0 1 0 1 0 0 1 0 1 0 0 0 
0 1 0 0 0 1 1 1 0 1 1 1 1 0 1 0 0 0 0 
0 0 0 0 0 0 1 0 0 1 0 0 0 1 0 0 0 0 1 
0 1 0 0 0 0 0 1 0 0 0 0 1 1 1 0 0 1 0 
0 1 1 0 0 0 0 1 1 0 0 1 0 0 1 1 0 0 1 
0 0 1 1 0 0 0 0 1 0 1 0 0 1 0 1 1 0 0 
0 0 1 0 1 1 0 0 1 0 0 0 1 0 0 1 1 0 1 
0 1 0 0 0 1 1 1 0 0 1 0 1 1 1 0 1 0 1 
0 0 1 1 0 0 0 0 0 0 1 0 1 1 1 0 1 0 0 
0 1 1 0 0 0 1 0 1 1 0 0 0 1 0 1 0 1 0 
0 0 1 0 0 1 0 0 0 0 0 0 0 0 0 1 1 1 0 
0 0 1 0 1 0 0 1 1 1 0 0 0 0 0 1 0 0 0 
0 1 0 1 1 0 1 0 1 1 1 0 0 0 0 1 1 1 0 
0 0 1 0 1 1 0 0 1 1 0 0 0 0 0 0 0 0 0 
0 1 0 0 0 1 1 1 0 0 1 1 1 1 0 0 0 0 0 
0 0 0 0 0 0 1 1 1 1 0 1 0 1 0 0 0 1 1 
0 0 0 0 1 0 0 0 0 0 1 1 0 1 0 0 1 0 0 
0 0 0 1 0 1 0 1 1 0 0 0 0 0 0 0 1 0 0 
15
0 0 0 0 0 0 0 0 0 0 0 0 0 0 0 
0 0 0 1 1 1 1 1 0 0 0 0 0 0 1 
0 0 0 0 0 1 0 0 1 1 0 0 0 0 1 
0 1 0 0 0 1 0 1 1 0 1 1 0 1 1 
0 1 0 0 0 0 0 0 1 0 1 1 1 0 1 
0 1 1 1 0 0 0 0 0 0 1 0 0 0 0 
0 1 0 0 0 0 0 0 1 0 1 1 0 0 1 
0 1 0 1 0 0 0 0 0 1 0 0 1 1 0 
0 0 1 1 1 0 1 0 0 1 1 1 0 0 0 
0 0 1 0 0 0 0 1 1 0 1 0 0 0 0 
0 0 0 1 1 1 1 0 1 1 0 1 0 0 1 
0 0 0 1 1 0 1 0 1 0 1 0 0 0 1 
0 0 0 0 1 0 0 1 0 0 0 0 0 1 0 
0 0 0 1 0 0 0 1 0 0 0 0 1 0 1 
0 1 1 1 1 0 1 0 0 0 1 1 0 1 0 
15
0 0 0 0 0 0 0 0 0 0 0 0 0 0 0 
0 0 1 0 0 1 0 0 0 1 0 0 1 0 1 
0 1 0 0 0 0 1 1 0 1 0 0 0 0 0 
0 0 0 0 1 1 1 1 0 0 1 0 0 1 0 
0 0 0 1 0 1 1 1 1 1 1 1 0 1 0 
0 1 0 1 1 0 0 1 0 0 0 1 1 0 1 
0 0 1 1 1 0 0 1 1 0 0 0 1 0 1 
0 0 1 1 1 1 1 0 0 0 1 0 1 0 1 
0 0 0 0 1 0 1 0 0 0 1 1 1 0 0 
0 1 1 0 1 0 0 0 0 0 1 0 1 1 0 
0 0 0 1 1 0 0 1 1 1 0 0 1 1 1 
0 0 0 0 1 1 0 0 1 0 0 0 1 1 0 
0 1 0 0 0 1 1 1 1 1 1 1 0 0 0 
0 0 0 1 1 0 0 0 0 1 1 1 0 0 1 
0 1 0 0 0 1 1 1 0 0 1 0 0 1 0 
16
0 0 0 0 0 0 0 0 0 0 0 0 0 0 0 0 
0 0 1 0 0 1 1 0 0 0 0 0 0 0 0 1 
0 1 0 0 0 1 1 1 1 1 0 1 0 1 1 1 
0 0 0 0 0 0 0 0 0 0 1 0 0 1 1 0 
0 0 0 0 0 0 0 0 1 0 0 0 1 0 1 0 
0 1 1 0 0 0 0 0 1 0 1 0 1 0 1 1 
0 1 1 0 0 0 0 0 0 1 0 1 1 1 1 1 
0 0 1 0 0 0 0 0 1 1 1 1 0 1 0 1 
0 0 1 0 1 1 0 1 0 0 1 0 0 0 0 1 
0 0 1 0 0 0 1 1 0 0 0 0 1 1 1 1 
0 0 0 1 0 1 0 1 1 0 0 1 0 0 0 0 
0 0 1 0 0 0 1 1 0 0 1 0 0 1 1 1 
0 0 0 0 1 1 1 0 0 1 0 0 0 0 0 0 
0 0 1 1 0 0 1 1 0 1 0 1 0 0 0 0 
0 0 1 1 1 1 1 0 0 1 0 1 0 0 0 0 
0 1 1 0 0 1 1 1 1 1 0 1 0 0 0 0 
15
0 0 0 0 0 0 0 0 0 0 0 0 0 0 0 
0 0 0 1 0 0 1 0 1 1 1 1 0 1 0 
0 0 0 0 0 1 0 1 0 0 0 1 0 1 1 
0 1 0 0 0 1 1 0 1 0 0 0 0 1 0 
0 0 0 0 0 0 0 1 0 0 0 0 1 0 1 
0 0 1 1 0 0 1 0 1 1 1 1 1 0 1 
0 1 0 1 0 1 0 0 0 0 1 1 0 0 1 
0 0 1 0 1 0 0 0 0 1 0 1 1 1 1 
0 1 0 1 0 1 0 0 0 0 0 0 1 1 1 
0 1 0 0 0 1 0 1 0 0 1 1 0 0 0 
0 1 0 0 0 1 1 0 0 1 0 1 0 0 1 
0 1 1 0 0 1 1 1 0 1 1 0 0 0 0 
0 0 0 0 1 1 0 1 1 0 0 0 0 0 1 
0 1 1 1 0 0 0 1 1 0 0 0 0 0 1 
0 0 1 0 1 1 1 1 1 0 1 0 1 1 0 
16
0 0 0 0 0 0 0 0 0 0 0 0 0 0 0 0 
0 0 0 0 1 0 0 1 1 1 0 0 1 0 0 1 
0 0 0 0 1 0 0 1 0 0 0 0 0 0 0 1 
0 0 0 0 1 0 0 0 0 0 0 1 0 0 0 0 
0 1 1 1 0 0 0 1 0 1 1 1 1 0 0 1 
0 0 0 0 0 0 0 1 0 0 1 1 1 0 1 0 
0 0 0 0 0 0 0 1 1 0 1 0 0 0 1 0 
0 1 1 0 1 1 1 0 0 0 0 0 0 1 0 0 
0 1 0 0 0 0 1 0 0 1 0 1 0 0 1 1 
0 1 0 0 1 0 0 0 1 0 0 0 1 0 0 1 
0 0 0 0 1 1 1 0 0 0 0 1 0 1 0 1 
0 0 0 1 1 1 0 0 1 0 1 0 0 0 0 0 
0 1 0 0 1 1 0 0 0 1 0 0 0 0 0 0 
0 0 0 0 0 0 0 1 0 0 1 0 0 0 0 1 
0 0 0 0 0 1 1 0 1 0 0 0 0 0 0 0 
0 1 1 0 1 0 0 0 1 1 1 0 0 1 0 0 
19
0 0 0 0 0 0 0 0 0 0 0 0 0 0 0 0 0 0 0 
0 0 0 1 1 0 0 1 0 1 0 0 1 0 0 0 0 0 0 
0 0 0 0 0 0 1 0 0 1 0 0 1 0 0 1 1 1 0 
0 1 0 0 0 1 0 0 0 1 1 1 1 1 1 0 1 0 0 
0 1 0 0 0 1 1 0 0 0 1 0 0 0 0 1 1 0 0 
0 0 0 1 1 0 1 1 1 0 0 0 0 0 0 1 0 1 0 
0 0 1 0 1 1 0 1 0 0 0 0 1 1 1 1 0 0 0 
0 1 0 0 0 1 1 0 1 1 0 1 1 0 1 1 0 0 1 
0 0 0 0 0 1 0 1 0 0 1 1 0 1 0 0 0 1 0 
0 1 1 1 0 0 0 1 0 0 1 0 0 1 1 1 0 0 0 
0 0 0 1 1 0 0 0 1 1 0 0 0 1 1 0 0 1 1 
0 0 0 1 0 0 0 1 1 0 0 0 0 1 0 0 0 1 1 
0 1 1 1 0 0 1 1 0 0 0 0 0 0 0 0 0 1 0 
0 0 0 1 0 0 1 0 1 1 1 1 0 0 0 0 0 1 1 
0 0 0 1 0 0 1 1 0 1 1 0 0 0 0 1 1 0 1 
0 0 1 0 1 1 1 1 0 1 0 0 0 0 1 0 0 0 0 
0 0 1 1 1 0 0 0 0 0 0 0 0 0 1 0 0 0 1 
0 0 1 0 0 1 0 0 1 0 1 1 1 1 0 0 0 0 0 
0 0 0 0 0 0 0 1 0 0 1 1 0 1 1 0 1 0 0 
17
0 0 0 0 0 0 0 0 0 0 0 0 0 0 0 0 0 
0 0 1 0 1 0 0 0 0 1 0 1 1 1 0 0 0 
0 1 0 0 1 1 0 1 0 1 0 1 0 0 1 1 0 
0 0 0 0 0 0 0 0 0 1 1 0 0 0 0 0 1 
0 1 1 0 0 1 1 1 1 1 0 0 1 0 0 0 0 
0 0 1 0 1 0 0 0 1 1 1 0 0 1 1 0 1 
0 0 0 0 1 0 0 1 0 1 1 0 0 0 0 0 1 
0 0 1 0 1 0 1 0 0 1 0 1 1 0 1 1 0 
0 0 0 0 1 1 0 0 0 1 0 1 0 0 1 1 1 
0 1 1 1 1 1 1 1 1 0 0 0 0 0 0 1 0 
0 0 0 1 0 1 1 0 0 0 0 0 1 1 1 0 1 
0 1 1 0 0 0 0 1 1 0 0 0 0 1 0 0 0 
0 1 0 0 1 0 0 1 0 0 1 0 0 1 1 0 1 
0 1 0 0 0 1 0 0 0 0 1 1 1 0 0 0 0 
0 0 1 0 0 1 0 1 1 0 1 0 1 0 0 0 0 
0 0 1 0 0 0 0 1 1 1 0 0 0 0 0 0 1 
0 0 0 1 0 1 1 0 1 0 1 0 1 0 0 1 0 
15
0 0 0 0 0 0 0 0 0 0 0 0 0 0 0 
0 0 0 1 1 0 0 1 1 0 1 1 0 0 1 
0 0 0 1 1 0 0 1 1 0 0 0 0 0 0 
0 1 1 0 0 1 0 1 0 0 1 1 1 0 1 
0 1 1 0 0 1 0 0 1 1 1 0 0 0 1 
0 0 0 1 1 0 0 0 0 1 0 0 0 1 0 
0 0 0 0 0 0 0 0 1 1 0 0 0 1 0 
0 1 1 1 0 0 0 0 0 0 0 1 0 1 1 
0 1 1 0 1 0 1 0 0 1 0 1 0 1 0 
0 0 0 0 1 1 1 0 1 0 1 1 0 1 0 
0 1 0 1 1 0 0 0 0 1 0 0 1 0 1 
0 1 0 1 0 0 0 1 1 1 0 0 1 0 0 
0 0 0 1 0 0 0 0 0 0 1 1 0 0 0 
0 0 0 0 0 1 1 1 1 1 0 0 0 0 1 
0 1 0 1 1 0 0 1 0 0 1 0 0 1 0 
15
0 0 0 0 0 0 0 0 0 0 0 0 0 0 0 
0 0 1 1 0 0 1 1 0 0 1 0 0 0 0 
0 1 0 0 1 1 1 0 1 0 1 0 1 0 0 
0 1 0 0 1 0 1 0 0 1 1 0 0 0 0 
0 0 1 1 0 0 1 0 0 0 0 0 1 0 0 
0 0 1 0 0 0 0 0 1 1 0 0 0 0 0 
0 1 1 1 1 0 0 1 1 1 0 1 1 1 1 
0 1 0 0 0 0 1 0 0 0 1 1 0 1 0 
0 0 1 0 0 1 1 0 0 0 0 1 1 0 1 
0 0 0 1 0 1 1 0 0 0 1 1 1 0 0 
0 1 1 1 0 0 0 1 0 1 0 1 1 0 0 
0 0 0 0 0 0 1 1 1 1 1 0 0 0 0 
0 0 1 0 1 0 1 0 1 1 1 0 0 1 0 
0 0 0 0 0 0 1 1 0 0 0 0 1 0 0 
0 0 0 0 0 0 1 0 1 0 0 0 0 0 0 
18
0 0 0 0 0 0 0 0 0 0 0 0 0 0 0 0 0 0 
0 0 0 0 0 0 1 0 0 0 1 1 0 0 0 0 0 1 
0 0 0 0 1 0 1 0 0 1 0 0 1 1 0 0 1 1 
0 0 0 0 1 0 1 0 0 1 1 0 1 1 0 0 1 0 
0 0 1 1 0 0 0 0 1 1 0 0 1 0 0 1 1 0 
0 0 0 0 0 0 1 1 0 0 1 1 0 0 1 0 0 0 
0 1 1 1 0 1 0 1 1 1 0 1 1 0 1 1 0 0 
0 0 0 0 0 1 1 0 1 0 1 1 0 1 1 1 1 0 
0 0 0 0 1 0 1 1 0 0 1 0 0 1 1 1 0 0 
0 0 1 1 1 0 1 0 0 0 0 1 1 1 0 0 0 1 
0 1 0 1 0 1 0 1 1 0 0 1 0 0 1 0 0 0 
0 1 0 0 0 1 1 1 0 1 1 0 0 0 0 0 1 0 
0 0 1 1 1 0 1 0 0 1 0 0 0 1 1 0 1 1 
0 0 1 1 0 0 0 1 1 1 0 0 1 0 1 0 0 0 
0 0 0 0 0 1 1 1 1 0 1 0 1 1 0 0 0 1 
0 0 0 0 1 0 1 1 1 0 0 0 0 0 0 0 0 1 
0 0 1 1 1 0 0 1 0 0 0 1 1 0 0 0 0 1 
0 1 1 0 0 0 0 0 0 1 0 0 1 0 1 1 1 0 
17
0 0 0 0 0 0 0 0 0 0 0 0 0 0 0 0 0 
0 0 0 1 1 0 1 0 0 0 1 1 1 1 0 0 0 
0 0 0 1 0 1 0 1 0 0 0 0 1 1 0 0 1 
0 1 1 0 0 0 1 0 1 0 1 1 1 0 1 0 1 
0 1 0 0 0 0 1 0 1 1 1 1 1 0 1 1 0 
0 0 1 0 0 0 0 0 1 1 1 0 1 1 1 1 1 
0 1 0 1 1 0 0 1 0 0 0 0 0 1 1 1 0 
0 0 1 0 0 0 1 0 0 0 0 1 1 0 0 1 1 
0 0 0 1 1 1 0 0 0 1 0 0 0 1 0 0 1 
0 0 0 0 1 1 0 0 1 0 0 1 1 0 1 1 0 
0 1 0 1 1 1 0 0 0 0 0 1 0 0 0 0 0 
0 1 0 1 1 0 0 1 0 1 1 0 0 0 0 1 0 
0 1 1 1 1 1 0 1 0 1 0 0 0 0 0 1 1 
0 1 1 0 0 1 1 0 1 0 0 0 0 0 0 0 1 
0 0 0 1 1 1 1 0 0 1 0 0 0 0 0 0 1 
0 0 0 0 1 1 1 1 0 1 0 1 1 0 0 0 0 
0 0 1 1 0 1 0 1 1 0 0 0 1 1 1 0 0 
16
0 0 0 0 0 0 0 0 0 0 0 0 0 0 0 0 
0 0 0 1 0 1 0 0 1 0 1 0 1 0 0 0 
0 0 0 1 0 0 1 0 0 1 1 0 0 0 1 1 
0 1 1 0 0 1 1 0 0 0 1 0 0 1 0 1 
0 0 0 0 0 1 1 0 0 0 0 0 0 0 1 0 
0 1 0 1 1 0 1 0 0 1 0 0 1 0 1 1 
0 0 1 1 1 1 0 0 0 0 1 0 0 0 0 1 
0 0 0 0 0 0 0 0 1 0 1 0 1 1 1 0 
0 1 0 0 0 0 0 1 0 1 0 0 1 0 0 0 
0 0 1 0 0 1 0 0 1 0 1 1 1 0 0 0 
0 1 1 1 0 0 1 1 0 1 0 1 1 0 0 0 
0 0 0 0 0 0 0 0 0 1 1 0 1 0 0 1 
0 1 0 0 0 1 0 1 1 1 1 1 0 0 0 1 
0 0 0 1 0 0 0 1 0 0 0 0 0 0 0 1 
0 0 1 0 1 1 0 1 0 0 0 0 0 0 0 0 
0 0 1 1 0 1 1 0 0 0 0 1 1 1 0 0 
16
0 0 0 0 0 0 0 0 0 0 0 0 0 0 0 0 
0 0 1 0 1 1 0 1 1 1 0 0 0 0 1 1 
0 1 0 1 1 1 1 1 1 0 1 1 0 1 0 0 
0 0 1 0 0 1 0 1 0 1 1 0 1 0 1 1 
0 1 1 0 0 0 0 1 1 1 0 1 0 0 0 1 
0 1 1 1 0 0 0 0 1 1 0 1 0 0 0 1 
0 0 1 0 0 0 0 0 0 1 0 0 1 1 0 1 
0 1 1 1 1 0 0 0 0 1 0 0 1 0 1 1 
0 1 1 0 1 1 0 0 0 0 1 0 0 0 1 1 
0 1 0 1 1 1 1 1 0 0 0 1 0 0 0 0 
0 0 1 1 0 0 0 0 1 0 0 0 0 1 0 1 
0 0 1 0 1 1 0 0 0 1 0 0 0 1 0 0 
0 0 0 1 0 0 1 1 0 0 0 0 0 0 0 0 
0 0 1 0 0 0 1 0 0 0 1 1 0 0 1 1 
0 1 0 1 0 0 0 1 1 0 0 0 0 1 0 0 
0 1 0 1 1 1 1 1 1 0 1 0 0 1 0 0 
17
0 0 0 0 0 0 0 0 0 0 0 0 0 0 0 0 0 
0 0 0 1 0 0 1 0 0 0 0 0 0 0 0 0 1 
0 0 0 1 0 1 1 1 1 0 1 0 1 1 1 0 0 
0 1 1 0 0 0 0 1 1 1 0 1 1 0 0 1 0 
0 0 0 0 0 0 0 0 0 0 1 0 0 1 1 0 1 
0 0 1 0 0 0 0 0 0 1 1 1 0 1 0 0 1 
0 1 1 0 0 0 0 0 0 1 0 1 0 0 1 0 1 
0 0 1 1 0 0 0 0 1 0 0 0 0 0 1 1 1 
0 0 1 1 0 0 0 1 0 0 0 0 0 0 1 0 1 
0 0 0 1 0 1 1 0 0 0 1 1 0 1 1 0 1 
0 0 1 0 1 1 0 0 0 1 0 0 1 0 0 0 1 
0 0 0 1 0 1 1 0 0 1 0 0 1 0 1 0 0 
0 0 1 1 0 0 0 0 0 0 1 1 0 1 0 1 1 
0 0 1 0 1 1 0 0 0 1 0 0 1 0 1 1 0 
0 0 1 0 1 0 1 1 1 1 0 1 0 1 0 0 1 
0 0 0 1 0 0 0 1 0 0 0 0 1 1 0 0 0 
0 1 0 0 1 1 1 1 1 1 1 0 1 0 1 0 0 
16
0 0 0 0 0 0 0 0 0 0 0 0 0 0 0 0 
0 0 1 0 1 1 1 0 0 1 1 0 1 0 1 0 
0 1 0 0 1 0 1 1 1 0 0 1 0 1 0 1 
0 0 0 0 1 1 0 0 0 1 1 0 0 0 1 0 
0 1 1 1 0 0 0 1 0 1 0 0 0 0 0 0 
0 1 0 1 0 0 1 1 1 0 0 0 1 1 0 1 
0 1 1 0 0 1 0 0 0 0 0 0 0 1 0 1 
0 0 1 0 1 1 0 0 0 0 1 1 0 0 0 0 
0 0 1 0 0 1 0 0 0 0 1 1 1 1 0 0 
0 1 0 1 1 0 0 0 0 0 1 1 0 1 1 0 
0 1 0 1 0 0 0 1 1 1 0 0 0 1 0 0 
0 0 1 0 0 0 0 1 1 1 0 0 1 0 1 1 
0 1 0 0 0 1 0 0 1 0 0 1 0 0 1 0 
0 0 1 0 0 1 1 0 1 1 1 0 0 0 0 1 
0 1 0 1 0 0 0 0 0 1 0 1 1 0 0 0 
0 0 1 0 0 1 1 0 0 0 0 1 0 1 0 0 
15
0 0 0 0 0 0 0 0 0 0 0 0 0 0 0 
0 0 1 1 0 1 0 1 1 0 0 1 1 1 1 
0 1 0 1 0 1 1 1 0 0 0 0 0 0 0 
0 1 1 0 1 0 1 1 0 0 0 0 1 1 1 
0 0 0 1 0 0 1 0 1 0 1 1 0 0 1 
0 1 1 0 0 0 0 1 0 0 1 0 1 1 0 
0 0 1 1 1 0 0 0 1 0 1 0 0 0 0 
0 1 1 1 0 1 0 0 0 0 0 0 0 0 0 
0 1 0 0 1 0 1 0 0 1 1 1 1 0 0 
0 0 0 0 0 0 0 0 1 0 1 0 0 1 0 
0 0 0 0 1 1 1 0 1 1 0 1 0 0 1 
0 1 0 0 1 0 0 0 1 0 1 0 1 0 0 
0 1 0 1 0 1 0 0 1 0 0 1 0 0 1 
0 1 0 1 0 1 0 0 0 1 0 0 0 0 0 
0 1 0 1 1 0 0 0 0 0 1 0 1 0 0 
16
0 0 0 0 0 0 0 0 0 0 0 0 0 0 0 0 
0 0 0 1 0 1 1 0 0 1 0 0 0 0 1 0 
0 0 0 0 1 0 0 0 0 0 0 0 0 0 0 1 
0 1 0 0 0 1 0 1 0 0 1 0 0 1 0 1 
0 0 1 0 0 0 0 1 1 0 1 0 1 0 1 1 
0 1 0 1 0 0 0 0 1 1 0 1 0 0 1 0 
0 1 0 0 0 0 0 1 0 1 1 0 0 1 0 0 
0 0 0 1 1 0 1 0 0 1 0 0 0 1 0 0 
0 0 0 0 1 1 0 0 0 1 1 1 0 0 1 1 
0 1 0 0 0 1 1 1 1 0 0 0 1 1 0 0 
0 0 0 1 1 0 1 0 1 0 0 0 1 1 0 0 
0 0 0 0 0 1 0 0 1 0 0 0 0 0 0 0 
0 0 0 0 1 0 0 0 0 1 1 0 0 1 0 0 
0 0 0 1 0 0 1 1 0 1 1 0 1 0 0 0 
0 1 0 0 1 1 0 0 1 0 0 0 0 0 0 0 
0 0 1 1 1 0 0 0 1 0 0 0 0 0 0 0 
16
0 0 0 0 0 0 0 0 0 0 0 0 0 0 0 0 
0 0 0 0 0 1 1 1 1 1 1 0 0 1 1 1 
0 0 0 1 0 1 0 1 0 1 1 0 0 1 1 0 
0 0 1 0 1 0 0 0 1 0 1 1 0 0 1 0 
0 0 0 1 0 1 0 1 1 0 1 0 1 0 1 0 
0 1 1 0 1 0 1 0 1 1 1 0 1 1 0 0 
0 1 0 0 0 1 0 0 1 1 1 0 0 0 1 0 
0 1 1 0 1 0 0 0 1 1 1 0 1 0 0 1 
0 1 0 1 1 1 1 1 0 0 0 1 0 0 1 0 
0 1 1 0 0 1 1 1 0 0 0 0 0 1 0 1 
0 1 1 1 1 1 1 1 0 0 0 1 0 0 1 0 
0 0 0 1 0 0 0 0 1 0 1 0 1 0 0 1 
0 0 0 0 1 1 0 1 0 0 0 1 0 1 1 0 
0 1 1 0 0 1 0 0 0 1 0 0 1 0 0 0 
0 1 1 1 1 0 1 0 1 0 1 0 1 0 0 0 
0 1 0 0 0 0 0 1 0 1 0 1 0 0 0 0 
15
0 0 0 0 0 0 0 0 0 0 0 0 0 0 0 
0 0 1 0 0 0 0 1 0 0 0 1 1 0 0 
0 1 0 1 0 1 1 0 0 0 1 0 1 0 1 
0 0 1 0 1 1 1 0 0 1 0 0 1 0 1 
0 0 0 1 0 0 0 1 0 1 0 1 1 0 0 
0 0 1 1 0 0 0 1 0 0 0 1 1 0 1 
0 0 1 1 0 0 0 1 1 0 1 1 1 0 0 
0 1 0 0 1 1 1 0 1 0 0 1 1 0 0 
0 0 0 0 0 0 1 1 0 0 0 1 0 1 1 
0 0 0 1 1 0 0 0 0 0 0 1 0 1 0 
0 0 1 0 0 0 1 0 0 0 0 0 1 1 0 
0 1 0 0 1 1 1 1 1 1 0 0 0 1 0 
0 1 1 1 1 1 1 1 0 0 1 0 0 0 0 
0 0 0 0 0 0 0 0 1 1 1 1 0 0 0 
0 0 1 1 0 1 0 0 1 0 0 0 0 0 0 
15
0 0 0 0 0 0 0 0 0 0 0 0 0 0 0 
0 0 1 0 1 1 1 1 0 0 1 1 1 1 0 
0 1 0 0 0 0 0 1 1 0 0 0 1 1 0 
0 0 0 0 0 1 0 0 0 0 0 1 0 1 1 
0 1 0 0 0 1 0 0 1 0 1 0 1 1 0 
0 1 0 1 1 0 0 1 1 1 0 0 0 1 1 
0 1 0 0 0 0 0 1 1 0 1 0 0 0 1 
0 1 1 0 0 1 1 0 0 0 0 1 0 1 0 
0 0 1 0 1 1 1 0 0 1 0 1 1 1 1 
0 0 0 0 0 1 0 0 1 0 1 0 0 0 1 
0 1 0 0 1 0 1 0 0 1 0 0 0 0 1 
0 1 0 1 0 0 0 1 1 0 0 0 1 0 1 
0 1 1 0 1 0 0 0 1 0 0 1 0 0 1 
0 1 1 1 1 1 0 1 1 0 0 0 0 0 0 
0 0 0 1 0 1 1 0 1 1 1 1 1 0 0 
18
0 0 0 0 0 0 0 0 0 0 0 0 0 0 0 0 0 0 
0 0 1 1 0 1 1 0 0 1 1 1 0 0 0 0 1 0 
0 1 0 0 0 1 1 1 0 0 0 1 0 1 0 1 1 1 
0 1 0 0 0 1 1 1 0 1 1 1 0 1 0 1 1 0 
0 0 0 0 0 0 1 0 1 1 1 0 1 1 0 0 0 0 
0 1 1 1 0 0 0 0 0 0 0 0 0 1 0 1 0 0 
0 1 1 1 1 0 0 0 0 1 1 1 0 1 1 0 0 0 
0 0 1 1 0 0 0 0 1 0 0 0 1 0 1 1 1 0 
0 0 0 0 1 0 0 1 0 0 0 0 0 1 1 1 0 1 
0 1 0 1 1 0 1 0 0 0 0 0 0 0 1 1 1 0 
0 1 0 1 1 0 1 0 0 0 0 0 1 0 0 1 0 0 
0 1 1 1 0 0 1 0 0 0 0 0 1 0 0 1 1 0 
0 0 0 0 1 0 0 1 0 0 1 1 0 0 1 1 0 1 
0 0 1 1 1 1 1 0 1 0 0 0 0 0 0 1 0 0 
0 0 0 0 0 0 1 1 1 1 0 0 1 0 0 1 0 0 
0 0 1 1 0 1 0 1 1 1 1 1 1 1 1 0 0 0 
0 1 1 1 0 0 0 1 0 1 0 1 0 0 0 0 0 0 
0 0 1 0 0 0 0 0 1 0 0 0 1 0 0 0 0 0 
15
0 0 0 0 0 0 0 0 0 0 0 0 0 0 0 
0 0 0 1 0 0 1 0 1 0 0 1 0 0 1 
0 0 0 0 1 1 0 0 0 1 0 1 1 1 0 
0 1 0 0 0 0 1 0 0 1 1 0 0 1 0 
0 0 1 0 0 0 1 0 0 1 0 0 1 0 1 
0 0 1 0 0 0 1 0 1 1 1 0 1 1 0 
0 1 0 1 1 1 0 1 0 1 1 1 0 0 0 
0 0 0 0 0 0 1 0 0 0 1 0 0 1 1 
0 1 0 0 0 1 0 0 0 1 0 1 0 1 1 
0 0 1 1 1 1 1 0 1 0 1 0 0 1 0 
0 0 0 1 0 1 1 1 0 1 0 1 1 1 1 
0 1 1 0 0 0 1 0 1 0 1 0 0 0 0 
0 0 1 0 1 1 0 0 0 0 1 0 0 1 0 
0 0 1 1 0 1 0 1 1 1 1 0 1 0 0 
0 1 0 0 1 0 0 1 1 0 1 0 0 0 0 
16
0 0 0 0 0 0 0 0 0 0 0 0 0 0 0 0 
0 0 0 0 0 0 0 1 0 0 1 1 1 0 0 1 
0 0 0 1 1 0 1 0 1 1 1 0 1 1 1 0 
0 0 1 0 0 1 0 1 0 1 0 0 0 1 0 0 
0 0 1 0 0 1 1 1 0 1 0 0 1 0 1 0 
0 0 0 1 1 0 0 0 1 1 1 1 0 0 1 1 
0 0 1 0 1 0 0 1 1 0 1 0 0 1 1 0 
0 1 0 1 1 0 1 0 1 1 0 0 0 1 0 0 
0 0 1 0 0 1 1 1 0 0 1 1 0 0 0 0 
0 0 1 1 1 1 0 1 0 0 0 1 0 0 0 1 
0 1 1 0 0 1 1 0 1 0 0 1 1 0 1 0 
0 1 0 0 0 1 0 0 1 1 1 0 0 0 1 1 
0 1 1 0 1 0 0 0 0 0 1 0 0 0 1 0 
0 0 1 1 0 0 1 1 0 0 0 0 0 0 1 0 
0 0 1 0 1 1 1 0 0 0 1 1 1 1 0 1 
0 1 0 0 0 1 0 0 0 1 0 1 0 0 1 0 
18
0 0 0 0 0 0 0 0 0 0 0 0 0 0 0 0 0 0 
0 0 0 1 0 0 0 1 1 0 1 1 1 0 0 1 1 0 
0 0 0 0 0 0 0 0 1 1 0 0 0 0 0 0 0 1 
0 1 0 0 1 0 1 1 1 0 0 1 0 1 0 0 0 0 
0 0 0 1 0 0 1 1 0 1 0 0 0 1 1 0 0 1 
0 0 0 0 0 0 0 0 1 0 0 0 0 1 0 0 0 1 
0 0 0 1 1 0 0 1 0 0 1 0 1 0 0 1 0 1 
0 1 0 1 1 0 1 0 0 0 1 1 0 0 1 0 1 1 
0 1 1 1 0 1 0 0 0 1 0 0 1 0 0 1 1 0 
0 0 1 0 1 0 0 0 1 0 1 0 1 1 0 0 1 0 
0 1 0 0 0 0 1 1 0 1 0 0 0 1 1 0 1 0 
0 1 0 1 0 0 0 1 0 0 0 0 0 0 0 0 0 1 
0 1 0 0 0 0 1 0 1 1 0 0 0 0 0 1 0 0 
0 0 0 1 1 1 0 0 0 1 1 0 0 0 0 0 1 1 
0 0 0 0 1 0 0 1 0 0 1 0 0 0 0 1 1 0 
0 1 0 0 0 0 1 0 1 0 0 0 1 0 1 0 0 1 
0 1 0 0 0 0 0 1 1 1 1 0 0 1 1 0 0 0 
0 0 1 0 1 1 1 1 0 0 0 1 0 1 0 1 0 0 
16
0 0 0 0 0 0 0 0 0 0 0 0 0 0 0 0 
0 0 1 0 0 1 0 0 0 0 1 1 0 1 1 1 
0 1 0 1 1 1 1 1 1 1 1 0 1 0 1 1 
0 0 1 0 1 0 1 1 0 1 1 0 0 0 1 0 
0 0 1 1 0 1 0 0 1 0 0 1 0 0 0 0 
0 1 1 0 1 0 0 0 1 1 1 0 0 1 0 0 
0 0 1 1 0 0 0 0 0 0 0 1 0 0 1 0 
0 0 1 1 0 0 0 0 0 0 0 0 0 0 0 0 
0 0 1 0 1 1 0 0 0 1 0 1 0 1 0 1 
0 0 1 1 0 1 0 0 1 0 0 0 1 0 0 0 
0 1 1 1 0 1 0 0 0 0 0 1 1 0 0 0 
0 1 0 0 1 0 1 0 1 0 1 0 1 1 0 1 
0 0 1 0 0 0 0 0 0 1 1 1 0 0 0 0 
0 1 0 0 0 1 0 0 1 0 0 1 0 0 1 1 
0 1 1 1 0 0 1 0 0 0 0 0 0 1 0 1 
0 1 1 0 0 0 0 0 1 0 0 1 0 1 1 0
